prev = maxNumCompThreads(1) 

prev =

    16

sky_perf_compare

cond =

find ((index.nrows == index.ncols) & (index.nrows <= 5000) )

??? Undefined function or variable 'UFget'.

Error in ==> sky_perf_compare at 21
index = UFget ;

addpath('../UFget')
pwd

ans =

/home/math0/rsiva/PIRO_SKY

addpath('./MATLAB')
addpath('./Test/')
sky_perf_compare

cond =

find ((index.nrows == index.ncols) & (index.nrows <= 5000) )

Relative time is (svds time)/(colamd + qr + R-bidiag time) 
R-bidiag will use a static data structure for this tests 
These tests will be slow because of svds(). 


ID 	 Size 	 Sky Time 	 n/1000 	 n/500	  n/100	  n/50	  n/10	  n/5

 0.0327  -1.0000  -1.0000  -1.0000  -1.0000  -1.0000  0.2471  
  0.0007  -1.0000  -1.0000  -1.0000  -1.0000  -1.0000  -1.0000  
  0.0009  -1.0000  -1.0000  -1.0000  -1.0000  0.0437  0.0191  
  0.0008  -1.0000  -1.0000  -1.0000  -1.0000  0.0058  0.0054  
  0.0009  -1.0000  -1.0000  -1.0000  -1.0000  -1.0000  0.0056  
  0.0009  -1.0000  -1.0000  -1.0000  -1.0000  0.0059  0.0058  
  0.0009  -1.0000  -1.0000  -1.0000  -1.0000  -1.0000  0.0067  
  0.0013  -1.0000  -1.0000  -1.0000  -1.0000  0.0166  0.0144  
  0.0018  -1.0000  -1.0000  -1.0000  -1.0000  0.0176  0.0167  
  0.0014  -1.0000  -1.0000  -1.0000  -1.0000  0.0153  0.0164  
  0.0026  -1.0000  -1.0000  -1.0000  0.0068  0.0098  0.0153  
  0.0014  -1.0000  -1.0000  -1.0000  -1.0000  0.0099  0.0145  
  0.0014  -1.0000  -1.0000  -1.0000  -1.0000  0.0125  0.0138  
  0.0013  -1.0000  -1.0000  -1.0000  -1.0000  0.0093  0.0110  
  0.0013  -1.0000  -1.0000  -1.0000  -1.0000  0.0091  0.0118  
  0.0023  -1.0000  -1.0000  -1.0000  0.0123  0.0195  0.0247  
  0.0090  -1.0000  -1.0000  -1.0000  0.0065  0.0327  0.0299  
  0.0069  -1.0000  -1.0000  -1.0000  0.0064  0.0165  0.0327  
  0.0020  -1.0000  -1.0000  -1.0000  -1.0000  0.0152  0.0226  
  0.0021  -1.0000  -1.0000  -1.0000  0.0123  0.0191  0.0189  
  0.0022  -1.0000  -1.0000  -1.0000  0.0064  0.0160  0.0293  
  0.0014  -1.0000  -1.0000  -1.0000  -1.0000  0.0095  0.0086  
  0.0037  -1.0000  -1.0000  -1.0000  0.0084  0.0172  0.0279  
  0.0033  -1.0000  -1.0000  -1.0000  0.0106  0.0194  0.0267  
  0.0023  -1.0000  -1.0000  0.0071  0.0097  0.0449  0.0526  
  0.0027  -1.0000  -1.0000  -1.0000  -1.0000  0.0174  0.0222  
  0.0028  -1.0000  -1.0000  -1.0000  -1.0000  0.0172  0.0189  
  0.0028  -1.0000  -1.0000  -1.0000  -1.0000  0.0173  0.0306  
  0.0023  -1.0000  -1.0000  -1.0000  0.0064  0.0205  0.0386  
  0.0017  -1.0000  -1.0000  -1.0000  0.0162  0.0228  0.0208  
  0.0028  -1.0000  -1.0000  -1.0000  0.0124  0.0155  0.0213  
  0.0053  -1.0000  -1.0000  -1.0000  0.0086  0.0264  0.0360  
  0.0024  -1.0000  -1.0000  -1.0000  0.0541  0.0332  0.0322  
  0.0025  -1.0000  -1.0000  -1.0000  0.0437  0.0583  0.0548  
  0.0034  -1.0000  -1.0000  -1.0000  -1.0000  0.0146  0.0184  
  0.0463  -1.0000  -1.0000  0.0067  0.0506  0.4915  0.2006  
  0.0255  -1.0000  -1.0000  0.0067  0.0065  0.2502  0.0634  
  0.0093  -1.0000  -1.0000  0.0236  0.0439  0.0609  0.0663  
  0.0037  -1.0000  -1.0000  -1.0000  0.0124  0.0183  0.0231  
  0.0112  -1.0000  -1.0000  0.0131  0.0169  0.0259  0.0543  
  0.0085  -1.0000  -1.0000  0.0175  0.0275  0.0466  0.0784  
  0.0704  -1.0000  -1.0000  0.0069  0.0067  0.1838  0.0770  
  0.0047  -1.0000  -1.0000  -1.0000  0.0126  0.0213  0.0272  
  0.0050  -1.0000  -1.0000  -1.0000  0.0108  0.0221  0.0275  
  0.0577  -1.0000  -1.0000  0.0149  0.0286  0.0541  0.1069  
  0.0331  -1.0000  -1.0000  0.0113  0.0124  0.0258  0.0720  
  0.0056  -1.0000  -1.0000  -1.0000  0.0240  0.0289  0.0445  
  0.0025  -1.0000  -1.0000  0.0067  0.0097  0.0361  0.0472  
  0.0127  -1.0000  -1.0000  0.0091  0.0102  0.0308  0.1186  
  0.0078  -1.0000  -1.0000  0.0135  0.0175  0.0265  0.0536  
  0.0069  -1.0000  -1.0000  -1.0000  0.0110  0.0236  0.0380  
  0.0091  -1.0000  -1.0000  -1.0000  0.0169  0.0837  0.0593  
  0.0069  -1.0000  -1.0000  0.1531  0.0930  0.0734  0.0965  
  0.0237  -1.0000  -1.0000  0.0300  0.0365  0.0824  0.1719  
  0.0192  -1.0000  -1.0000  0.0232  0.0309  0.0807  0.1676  
  0.0098  -1.0000  -1.0000  0.0090  0.0102  0.0179  0.1439  
  0.0124  -1.0000  -1.0000  0.0161  0.0309  0.0948  0.1356  
  0.0189  -1.0000  -1.0000  0.0210  0.0280  0.0660  0.1346  
  0.0032  -1.0000  -1.0000  0.0068  0.0066  0.0427  0.0563  
  0.0322  -1.0000  -1.0000  0.0073  0.0069  0.0879  0.1584  
  0.0050  -1.0000  -1.0000  -1.0000  0.0068  0.0143  0.0321  
  0.0086  -1.0000  -1.0000  0.1198  0.0760  0.0633  0.0866  
  0.0502  -1.0000  -1.0000  0.0068  0.0066  0.2748  0.1993  
  0.0210  -1.0000  -1.0000  0.0230  0.0334  0.0957  0.1851  
  0.0343  -1.0000  -1.0000  0.0073  0.0069  0.0835  0.1920  
  0.0207  -1.0000  -1.0000  0.0261  0.0267  0.0754  0.1414  
  0.0206  -1.0000  -1.0000  0.0302  0.0301  0.0878  0.1554  
  0.0237  -1.0000  -1.0000  0.0116  0.0141  0.0664  0.8773  
  0.0189  -1.0000  -1.0000  0.9805  0.6356  0.5433  1.1497  
  0.3815  -1.0000  -1.0000  0.1637  0.8931  0.1667  0.2997  
  0.5843  -1.0000  -1.0000  0.3524  0.5629  2.2451  6.3322  
  0.1048  -1.0000  -1.0000  0.0076  0.0104  0.0496  0.2067  
  0.0687  -1.0000  -1.0000  0.0525  0.0469  0.1986  0.5355  
  0.0183  -1.0000  -1.0000  0.0141  0.0176  0.0451  0.0804  
  0.0354  -1.0000  -1.0000  0.0402  0.0614  0.1494  0.3515  
  0.0359  -1.0000  -1.0000  1.2358  1.0502  0.2144  0.3409  
  0.0471  -1.0000  -1.0000  0.0075  0.0105  0.0977  0.1496  
  0.0404  -1.0000  -1.0000  0.0202  0.0269  0.0579  0.1225  
  0.3010  -1.0000  -1.0000  0.0131  0.0224  0.4031  1.8710  
  0.3009  -1.0000  -1.0000  0.0130  0.0208  0.2264  2.1889  
  0.3009  -1.0000  -1.0000  0.0131  0.0208  0.3100  1.8533  
  0.3010  -1.0000  -1.0000  0.0129  0.0202  0.2245  1.8609  
  0.3011  -1.0000  -1.0000  0.0130  0.0206  0.3652  1.6617  
  0.3011  -1.0000  -1.0000  0.0130  0.0206  0.3949  1.7226  
  0.3010  -1.0000  -1.0000  0.0131  0.0354  0.3946  2.0212  
  0.2827  -1.0000  -1.0000  0.0175  0.0220  0.3690  1.9168  
  1.3763  -1.0000  -1.0000  0.0237  0.0194  0.5406  2.7323  
  0.8098  -1.0000  0.0108  0.0461  0.2331  2.2760  10.5656  
 ??? Operation terminated by user during ==> sky_perf_compare at 102

clear functions
sky_perf_compare

cond =

find ((index.nrows == index.ncols) & (index.nrows <= 5000) )

Relative time is (svds time)/(colamd + qr + R-bidiag time) 
R-bidiag will use a static data structure for this tests 
These tests will be slow because of svds(). 


ID 	 Size 	 Sky Time 	 n/1000 	 n/500	  n/100	  n/50	  n/10	  n/5

 249  663  0.8312  -1.0000  0.1996  0.0839  0.0885  2.2634  8.8864  
  268  497  1.5815  -1.0000  -1.0000  0.0096  0.0575  0.5844  1.2076  
  248  663  0.8271  -1.0000  0.0101  0.0334  0.0899  2.2292  6.8346  
  1458  1882  116  209  1641  90  0.0115  -1.0000  -1.0000  -1.0000  0.0093  0.0133  0.0269  
  202  265  0.0333  -1.0000  -1.0000  0.0450  0.0406  0.0822  0.1941  
  231  362  0.0587  -1.0000  -1.0000  0.0457  0.0678  0.2506  0.7889  
  96  229  884  258  335  496  0.1203  -1.0000  -1.0000  0.0446  0.0784  0.6565  3.0535  
  267  479  0.8330  -1.0000  -1.0000  0.0145  0.0348  0.4809  4.7504  
  76  1922  166  512  0.1686  -1.0000  0.0332  0.0526  0.1161  0.6250  3.1591  
  321  500  0.0319  -1.0000  -1.0000  0.3899  0.2836  0.5689 ??? Operation terminated by user during ==> eigs at 214

In ==> svds at 140
[W,D,bflag] = eigs(B,bk,bsigma,boptions);

In ==> sky_perf_compare at 171
        sgood = svds(A1, floor(n/5)) ;

clear functions
sky_perf_compare

