addpath('../UFget')
addpath('./MATLAB')
addpath('./Test/')
prev = maxNumCompThreads(1) 

prev =

    16



No completions found.

sky_perf_compare2  
sky_perf_compare2

cond =

find ((index.nrows == index.ncols) & (index.nrows >= 1000) & (index.nrows <= 5000) )

Relative time is (svds time)/(colamd + qr + R-bidiag time) 
R-bidiag will use a static data structure for this tests 
These tests will be slow because of svds(). 


ID 	 Size 	 Sky Time 	 n/1000 	 n/500	  n/100	  n/50	  n/25 	 n/10	  n/5

 63  1074  
  64  1083  
  282  2873  
  66  1473  
  1488  1096  
  1458  1882  
  76  1922  
  73  3134  
  1939  3240  
  1637  1090  5.3868  0.3114  0.1487  0.1341  0.2567  0.9688  3.9460  21.5991  
  74  3562  
  71  3600  
  1346  1157  19.9138  0.0227  0.0356  0.0640  0.5713  3.2147  11.7814  86.8350  
  240  1000  
  242  1000  1.1482  -1.0000  0.0799  0.1158  0.2224  1.1323  3.5761  15.7320  
  245  1104  1.1232  0.0450  0.0590  0.1062  0.2928  1.3530  7.9388  28.3369  
  450  1089  4.9980  0.0460  0.0759  0.0713  0.1504  3.4985  12.9186  83.7309  
  319  1000  0.1212  -1.0000  2.4954  1.4888  1.2039  2.7108  6.6652  11.3884  
  338  1000  0.1429  -1.0000  0.5108  1.2945  2.8935  4.7880  13.6203  24.4289  
  1  1138  10.8952  0.0362  0.0346  0.3134  0.3646  0.7785  7.8224  54.7792  
  451  1089  
  1207  4257  
  1511  2114  
  1522  1059  
  1518  1022  
  1638  2000  19.2459  0.2751  0.2938  0.8540  2.3960  6.5867  23.2334  129.1256  
  18  1454  
  271  1505  21.4741  0.1792  3.8523  0.2027  0.4622  2.6751  164.2442  79.1706  
  160  1107  1.8853  0.0578  0.1400  0.2147  0.4718  2.0636  11.4586  33.6368  
  19  1612  
  1059  1220  
  1061  1220  
  1060  1220  
  1896  1020  5.0066  0.0307  0.1041  0.1228  0.4105  1.9673  9.1637  21.5241  
  1058  1220  
  1064  1220  
  1062  1220  
  1063  1220  
  1055  1220  
  1056  1220  
  1057  1220  
  1065  1220  
  1066  1220  
  1067  1220  
  1068  1220  
  1069  1220  
  1070  1220  
  1071  1220  
  1072  1220  
  1073  1220  
  1074  1220  
  1075  1220  
  1076  1220  
  1077  1220  
  1078  1220  
  1079  1220  
  1080  1220  
  1081  1220  
  1082  1220  
  1083  1220  
  1084  1220  
  1085  1220  
  1086  1220  
  1087  1220  
  1088  1220  
  1089  1220  
  1090  1220  
  1091  1220  
  1092  1220  
  1093  1220  
  1094  1220  
  1095  1220  
  1096  1220  
  1097  1220  
  1098  1220  
  1099  1220  
  1100  1220  
  1101  1220  
  1102  1220  
  1103  1220  
  1104  1220  
  1105  1220  
  20  1624  
  1626  1484  
  21  1723  
  225  1030  1.6808  0.0398  0.0598  0.2417  0.1816  3.2465  6.6590  55.9909  
  177  1009  0.5979  0.1031  0.1799  0.2559  0.4160  1.2436  5.7808  15.2592  
  194  1009  0.5981  0.1011  0.1496  0.2494  0.4064  1.2150  5.2034  15.1339  
  1628  1250  1.1856  0.1320  0.1881  0.5734  0.9278  3.2595  11.5280  41.1160  
  1629  1250  1.1943  0.1365  0.2040  0.5906  1.0383  3.3603  12.7459  41.3037  
  272  2021  41.3139  0.8594  0.4271  0.5818  1.0417  5.5406  591.1966  223.8101  
  178  1089  0.6814  0.1084  0.1894  0.3883  0.6369  1.8582  7.1599  21.6906  
  1401  2541  8.1503  0.1627  0.1718  1.2356  4.1703  8.8204  155.1237  823.5437  
  1106  1220  27.5987  0.0638  0.0692  0.2067  0.5638  1.8945  12.3750  40.8603  
  1107  1220  27.5775  0.0718  0.0812  0.1843  0.6935  1.6677  10.3179  41.1277  
  893  1650  
  182  1138  0.6478  0.1522  0.2952  0.3467  0.5476  1.9953  7.5471  21.9756  
  183  1141  0.8965  0.1561  0.2194  0.2947  0.5336  2.0156  7.5941  21.8798  
  208  1258  34.9427  0.0219  0.0575  0.2155  0.3824  1.1153  20.2415  96.3578  
  180  1180  1.7372  0.1329  0.2749  0.3255  0.8137  2.0125  8.4089  24.2757  
  287  1794  0.5149  0.1676  0.3501  2.4830  4.0044  7.1992  34.3942  148.9983  
  299  2000  0.5836  8.1032  7.6602  8.7403  13.8521  23.6234  47.6571  92.1608  
  320  2000  0.4895  8.2265  7.7342  8.7762  14.5317  24.2776  47.1351  93.0072  
  494  2000  2.1891  0.5494  0.7796  2.9871  7.2448  19.9701  75.2392  212.2808  
  495  2000  3.1804  6.1529  1.3126  2.1953  7.4681  17.7440  68.5480  207.0964  
  496  2000  2.6032  0.5004  0.2544  2.4073  8.3107  21.4426  71.3292  194.4432  
  1483  1538  
  467  4008  183.2563  0.2445  0.5154  6.0768  19.5946  63.4735  390.3559  1630.9621  
  111  1007  
  214  1374  
  110  1005  
  195  1270  1.0034  0.1649  0.2748  0.4972  0.8663  2.9354  10.4510  30.5496  
  1188  1041  5.5764  0.0208  0.0206  0.1069  0.2019  1.5037  7.6408  38.5843  
  1640  4000  79.5721  1.0283  1.2085  6.8395  16.4482  44.0016  186.0666  1160.7967  
  1463  4772  
  1442  1357  2.3698  0.1438  0.3494  0.4959  1.4592  5.3626  21.1020  56.8674  
  181  1377  1.0177  0.2605  0.2760  0.4848  1.0381  3.5897  13.0635  38.5453  
  1239  3002  
  1790  3001  
  184  1349  1.1755  0.1740  0.2726  0.4210  0.9575  3.2691  12.2094  35.9176  
  179  1440  1.5297  0.3336  0.3858  0.5950  1.5782  4.0868  14.9578  44.3817  
  233  1224  7.9467  0.0248  0.0252  1.9428  0.8825  1.9012  12.0659  36.4297  
  230  1919  
  309  2048  4.8675  0.2667  0.3150  14.0169  22.2245  42.9422  110.8880  196.8721  
  1614  2048  4.8996  0.2720  0.3273  13.3374  21.8488  43.2097  110.8810  196.0018  
  1521  3084  
  112  1242  
  196  1561  1.6251  0.2465  0.4338  0.6943  1.9600  5.1496  18.8543  55.3376  
  1430  1668  2.6230  0.2324  5.8015  0.8994  2.2250  8.5176  24.5967  56.8009  
  1535  2836  
  836  2837  
  909  1015  3.6993  0.1369  0.3622  0.9179  0.7700  1.5296  15.4536  24.1779  
  429  1159  
  988  1813  
  987  1813  
  986  1813  
  984  1813  23.5181  0.0329  0.0887  0.2444  3.3269  15.5972  36.5941  197.2407  
  1108  1813  23.5453  0.0323  0.0882  0.2280  3.3301  15.1847  36.5278  198.2619  
  1186  1960  
  989  1813  
  990  1813  
  993  1813  
  992  1813  
  991  1813  
  994  1813  
  996  1813  
  1002  1813  
  1027  1813  
  985  1813  
  995  1813  
  997  1813  
  998  1813  
  999  1813  
  1000  1813  
  1001  1813  
  1003  1813  
  1004  1813  
  1005  1813  
  1006  1813  
  1007  1813  
  1008  1813  
  1009  1813  
  1010  1813  
  1011  1813  
  1012  1813  
  1013  1813  
  1014  1813  
  1015  1813  
  1016  1813  
  1017  1813  
  1018  1813  
  1019  1813  
  1020  1813  
  1021  1813  
  1022  1813  
  1023  1813  
  1024  1813  
  1025  1813  
  1026  1813  
  1028  1813  
  1029  1813  
  1030  1813  
  1031  1813  
  1032  1813  
  1033  1813  
  1034  1813  
  1035  1813  
  1036  1813  
  1037  1813  
  1038  1813  
  1039  1813  
  1040  1813  
  1041  1813  
  1042  1813  
  1043  1813  
  1044  1813  
  1045  1813  
  1046  1813  
  1047  1813  
  1048  1813  
  1049  1813  
  1050  1813  
  1051  1813  
  1052  1813  
  258  1856  3.7147  0.0486  0.0748  0.2206  1.3984  4.7021  20.2882  132.5700  
  259  1856  5.6309  0.0345  0.0355  0.2297  0.9867  4.1130  20.5296  135.1174  
  460  3083  
  515  1000  6.4607  -1.0000  0.0772  0.1509  0.3184  0.9166  6.1001  23.6833  
  517  1000  6.7109  -1.0000  0.0744  0.2310  0.3172  0.9901  6.1344  21.5860  
  516  1000  6.3997  -1.0000  0.0654  0.1747  0.2893  1.0666  5.5723  21.3708  
  518  1000  6.7844  -1.0000  0.0657  0.1841  0.3072  0.9854  5.5538  21.4212  
  511  3000  
  512  3000  
  514  3000  
  331  2048  4.2934  0.5578  0.5318  2.3903  5.6690  14.4143  50.8903  166.2443  
  1632  2048  4.3224  0.4895  0.5046  2.2622  5.4891  13.4326  50.8930  166.9208  
  91  1054  
  1613  2500  5.0116  0.1326  0.1697  1.2140  3.5434  11.5502  69.1636  326.8265  
  92  1072  
  1507  4470  
  1196  1879  31.7301  0.0365  0.0368  0.6329  2.8040  7.5840  132.3504  150.1438  
  197  1882  2.5520  0.3397  0.5858  1.2224  3.4445  9.1067  32.8451  98.7938  
  30  1074  6.6675  0.0274  0.0274  0.2412  0.2955  0.7410  11.1362  776.4522  
  539  2395  136.9250  2.7963  0.5222  12.1022  16.1719  18.9402  60.6846  245.5958  
  1530  4941  
  838  1048  0.5242  0.0275  0.0417  0.2621  0.2613  0.5617  6.0060 ??? Operation terminated by user during ==> eigs at 214

